year	id	a	인구밀도
2021	11010530	to_in_003	7167.8
2021	11010540	to_in_003	1458.6
2021	11010550	to_in_003	3972.6
2021	11010560	to_in_003	1876.5
2021	11010570	to_in_003	21059.2
2021	11010580	to_in_003	27170.2
2021	11010600	to_in_003	7231.3
2021	11010610	to_in_003	2502.4
2021	11010630	to_in_003	8012.1
2021	11010640	to_in_003	9461.4
2021	11010670	to_in_003	14246.6
2021	11010680	to_in_003	28427.5
2021	11010690	to_in_003	28840.8
2021	11010700	to_in_003	23008.6
2021	11010710	to_in_003	25267.3
2021	11010720	to_in_003	4334.3
2021	11010730	to_in_003	15573.1
2021	11020520	to_in_003	2319
2021	11020540	to_in_003	4488.6
2021	11020550	to_in_003	2428.6
2021	11020570	to_in_003	2577.9
2021	11020580	to_in_003	4389.7
2021	11020590	to_in_003	6305.6
2021	11020600	to_in_003	2766.7
2021	11020650	to_in_003	30607.5
2021	11020670	to_in_003	35978.4
2021	11020680	to_in_003	23112.5
2021	11020690	to_in_003	13333
2021	11020700	to_in_003	24745.2
2021	11020710	to_in_003	31953.2
2021	11020720	to_in_003	37200
2021	11020730	to_in_003	29785.9
2021	11030510	to_in_003	18074.7
2021	11030520	to_in_003	4386.4
2021	11030530	to_in_003	5304.6
2021	11030570	to_in_003	18153.7
2021	11030580	to_in_003	21246.9
2021	11030590	to_in_003	40151.4
2021	11030630	to_in_003	7977.4
2021	11030640	to_in_003	6344.6
2021	11030650	to_in_003	9804.9
2021	11030660	to_in_003	9206.9
2021	11030690	to_in_003	4108
2021	11030700	to_in_003	17651.5
2021	11030710	to_in_003	21003.4
2021	11030720	to_in_003	25213.3
2021	11030730	to_in_003	6856.8
2021	11030740	to_in_003	5850.9
2021	11040520	to_in_003	42196.1
2021	11040540	to_in_003	20519.3
2021	11040550	to_in_003	11834
2021	11040560	to_in_003	22809.8
2021	11040570	to_in_003	48348.8
2021	11040580	to_in_003	26118.8
2021	11040590	to_in_003	32368.2
2021	11040620	to_in_003	16219.7
2021	11040650	to_in_003	8249.1
2021	11040660	to_in_003	13261.6
2021	11040670	to_in_003	12870.1
2021	11040680	to_in_003	9881.4
2021	11040690	to_in_003	14802
2021	11040700	to_in_003	4799.7
2021	11040710	to_in_003	35736.7
2021	11040720	to_in_003	33920
2021	11040730	to_in_003	12556.8
2021	11050530	to_in_003	22228.3
2021	11050540	to_in_003	25716.6
2021	11050550	to_in_003	23941.7
2021	11050560	to_in_003	37441.1
2021	11050570	to_in_003	25430.5
2021	11050580	to_in_003	11730.8
2021	11050590	to_in_003	9929.7
2021	11050600	to_in_003	34887
2021	11050610	to_in_003	18224.6
2021	11050620	to_in_003	26155.8
2021	11050630	to_in_003	13793.1
2021	11050640	to_in_003	37191.8
2021	11050650	to_in_003	14254.5
2021	11050660	to_in_003	21638.6
2021	11050670	to_in_003	14207.2
2021	11060710	to_in_003	16008.7
2021	11060720	to_in_003	25324.2
2021	11060730	to_in_003	21047.7
2021	11060800	to_in_003	14556.1
2021	11060810	to_in_003	18145.3
2021	11060820	to_in_003	19461.3
2021	11060830	to_in_003	25631.6
2021	11060840	to_in_003	18752.7
2021	11060860	to_in_003	31013.3
2021	11060870	to_in_003	27103.8
2021	11060880	to_in_003	31555.1
2021	11060890	to_in_003	17997.5
2021	11060900	to_in_003	26733.1
2021	11060910	to_in_003	35197.5
2021	11070520	to_in_003	30149.4
2021	11070540	to_in_003	21506.4
2021	11070550	to_in_003	20218.8
2021	11070570	to_in_003	16786.2
2021	11070590	to_in_003	27197.8
2021	11070600	to_in_003	28626.5
2021	11070610	to_in_003	29508.5
2021	11070620	to_in_003	23255.8
2021	11070640	to_in_003	26608.8
2021	11070650	to_in_003	27171
2021	11070680	to_in_003	16268.1
2021	11070690	to_in_003	14228.4
2021	11070700	to_in_003	21701.6
2021	11070710	to_in_003	37857.5
2021	11070720	to_in_003	14697
2021	11070730	to_in_003	10171.3
2021	11080580	to_in_003	28734.4
2021	11080590	to_in_003	43551.9
2021	11080600	to_in_003	12429.2
2021	11080610	to_in_003	27331.4
2021	11080620	to_in_003	43164.9
2021	11080630	to_in_003	20252.9
2021	11080640	to_in_003	4789.7
2021	11080650	to_in_003	6719
2021	11080660	to_in_003	42365.5
2021	11080680	to_in_003	27600.7
2021	11080710	to_in_003	31664.5
2021	11080720	to_in_003	13996.3
2021	11080760	to_in_003	32701.6
2021	11080770	to_in_003	19423.7
2021	11080780	to_in_003	23283.1
2021	11080810	to_in_003	5369.5
2021	11080820	to_in_003	23926.9
2021	11080830	to_in_003	20942.1
2021	11080840	to_in_003	27156.4
2021	11080850	to_in_003	19750.4
2021	11090600	to_in_003	28161.7
2021	11090610	to_in_003	15522.4
2021	11090620	to_in_003	15102.4
2021	11090630	to_in_003	11824.9
2021	11090640	to_in_003	34638.3
2021	11090650	to_in_003	29375.3
2021	11090690	to_in_003	24260.5
2021	11090700	to_in_003	24884.4
2021	11090710	to_in_003	26010.7
2021	11090720	to_in_003	27200.5
2021	11090730	to_in_003	48199.2
2021	11090740	to_in_003	1838.1
2021	11090750	to_in_003	9628.3
2021	11100510	to_in_003	17814.5
2021	11100520	to_in_003	33307.3
2021	11100530	to_in_003	31580.6
2021	11100540	to_in_003	32154.6
2021	11100550	to_in_003	26314.7
2021	11100560	to_in_003	16955.4
2021	11100570	to_in_003	13387.7
2021	11100590	to_in_003	20991.4
2021	11100600	to_in_003	42601.4
2021	11100610	to_in_003	20290.5
2021	11100620	to_in_003	22142.4
2021	11100630	to_in_003	33483.5
2021	11100640	to_in_003	2366.5
2021	11100650	to_in_003	22983.8
2021	11110510	to_in_003	19438.7
2021	11110520	to_in_003	12766.2
2021	11110530	to_in_003	25251.2
2021	11110560	to_in_003	5712.8
2021	11110580	to_in_003	16660.4
2021	11110590	to_in_003	42134.2
2021	11110600	to_in_003	10454.5
2021	11110610	to_in_003	41404.7
2021	11110640	to_in_003	12650
2021	11110650	to_in_003	6825.8
2021	11110660	to_in_003	30983.8
2021	11110690	to_in_003	25494.5
2021	11110720	to_in_003	32809.7
2021	11110730	to_in_003	27250.1
2021	11110740	to_in_003	22045.6
2021	11110760	to_in_003	4775.6
2021	11110770	to_in_003	21532.1
2021	11110780	to_in_003	35774.9
2021	11110790	to_in_003	28457.7
2021	11120510	to_in_003	19654.3
2021	11120520	to_in_003	11620.1
2021	11120550	to_in_003	21811.5
2021	11120560	to_in_003	27254
2021	11120570	to_in_003	22203.3
2021	11120580	to_in_003	29532.4
2021	11120590	to_in_003	28335.2
2021	11120600	to_in_003	34180.9
2021	11120650	to_in_003	31893.5
2021	11120660	to_in_003	18417.8
2021	11120670	to_in_003	17498.9
2021	11120680	to_in_003	8340.6
2021	11120710	to_in_003	4615.1
2021	11120720	to_in_003	18699.6
2021	11120730	to_in_003	30701.2
2021	11120740	to_in_003	37414.5
2021	11130520	to_in_003	16951.7
2021	11130620	to_in_003	18126.4
2021	11130640	to_in_003	12224.5
2021	11130650	to_in_003	18620.1
2021	11130660	to_in_003	13379.7
2021	11130680	to_in_003	12092.3
2021	11130690	to_in_003	30989.9
2021	11130700	to_in_003	37358.6
2021	11130710	to_in_003	29742.6
2021	11130720	to_in_003	36852.3
2021	11130730	to_in_003	17648.4
2021	11130740	to_in_003	33270.6
2021	11130750	to_in_003	8658.8
2021	11130760	to_in_003	11681.6
2021	11140590	to_in_003	25645.1
2021	11140600	to_in_003	16657
2021	11140610	to_in_003	31302.6
2021	11140630	to_in_003	27302.5
2021	11140660	to_in_003	14048.6
2021	11140680	to_in_003	9359.9
2021	11140690	to_in_003	17189.6
2021	11140700	to_in_003	26090.6
2021	11140710	to_in_003	21890
2021	11140720	to_in_003	21214.2
2021	11140730	to_in_003	19020.1
2021	11140740	to_in_003	3483
2021	11140750	to_in_003	31739.4
2021	11140760	to_in_003	16793.4
2021	11140770	to_in_003	34194.1
2021	11140780	to_in_003	31585.8
2021	11150510	to_in_003	20174.3
2021	11150520	to_in_003	27684.4
2021	11150530	to_in_003	38766.5
2021	11150540	to_in_003	41552.7
2021	11150570	to_in_003	31414
2021	11150580	to_in_003	32386
2021	11150590	to_in_003	15705.6
2021	11150600	to_in_003	36666.1
2021	11150610	to_in_003	21840.8
2021	11150620	to_in_003	29772.6
2021	11150630	to_in_003	15434.9
2021	11150640	to_in_003	25704.6
2021	11150650	to_in_003	35232
2021	11150660	to_in_003	17267.8
2021	11150690	to_in_003	24577.7
2021	11150700	to_in_003	22355
2021	11150710	to_in_003	21832
2021	11150720	to_in_003	31379.3
2021	11160510	to_in_003	23056.8
2021	11160520	to_in_003	35571.4
2021	11160530	to_in_003	21183.4
2021	11160540	to_in_003	27438.7
2021	11160550	to_in_003	33441.3
2021	11160570	to_in_003	37594.8
2021	11160580	to_in_003	39142.3
2021	11160590	to_in_003	23184.5
2021	11160610	to_in_003	22659.9
2021	11160630	to_in_003	39271.8
2021	11160640	to_in_003	6537.4
2021	11160650	to_in_003	16235.1
2021	11160660	to_in_003	30363.1
2021	11160670	to_in_003	12058.2
2021	11160690	to_in_003	2692.8
2021	11160700	to_in_003	27962.5
2021	11160710	to_in_003	3594.3
2021	11160720	to_in_003	8446
2021	11160730	to_in_003	41272.2
2021	11160740	to_in_003	32480.1
2021	11170510	to_in_003	24619.7
2021	11170520	to_in_003	19907.6
2021	11170540	to_in_003	21675.9
2021	11170550	to_in_003	35444.3
2021	11170560	to_in_003	27505.3
2021	11170610	to_in_003	19070.7
2021	11170620	to_in_003	25045.1
2021	11170640	to_in_003	37872.9
2021	11170650	to_in_003	23383.1
2021	11170670	to_in_003	30212.3
2021	11170690	to_in_003	8525.1
2021	11170700	to_in_003	20633.1
2021	11170710	to_in_003	13228.3
2021	11170720	to_in_003	24580.8
2021	11170730	to_in_003	11942.9
2021	11170740	to_in_003	11174.3
2021	11180510	to_in_003	8943
2021	11180520	to_in_003	20781.8
2021	11180530	to_in_003	29026.1
2021	11180540	to_in_003	24659.1
2021	11180550	to_in_003	24425.5
2021	11180570	to_in_003	20684
2021	11180580	to_in_003	15593.5
2021	11180590	to_in_003	8266.8
2021	11180600	to_in_003	23436.7
2021	11180610	to_in_003	13175.8
2021	11190540	to_in_003	3540.7
2021	11190550	to_in_003	25660.6
2021	11190560	to_in_003	22549.7
2021	11190610	to_in_003	17705.8
2021	11190620	to_in_003	7582.3
2021	11190630	to_in_003	22753.6
2021	11190650	to_in_003	30475.2
2021	11190660	to_in_003	36136.1
2021	11190670	to_in_003	20483.9
2021	11190680	to_in_003	28197.2
2021	11190690	to_in_003	29545.7
2021	11190700	to_in_003	27692.9
2021	11190710	to_in_003	19635.7
2021	11190720	to_in_003	23275.2
2021	11190730	to_in_003	23640.6
2021	11190740	to_in_003	20212.4
2021	11190750	to_in_003	28627.3
2021	11190760	to_in_003	17787
2021	11200520	to_in_003	17596.4
2021	11200530	to_in_003	29326
2021	11200540	to_in_003	34941.2
2021	11200550	to_in_003	36879.1
2021	11200560	to_in_003	29193.7
2021	11200630	to_in_003	34573.9
2021	11200650	to_in_003	25484.9
2021	11200660	to_in_003	31076.9
2021	11200670	to_in_003	20273.1
2021	11200680	to_in_003	23857.9
2021	11200690	to_in_003	32929
2021	11200700	to_in_003	19417.3
2021	11200710	to_in_003	18668.1
2021	11200720	to_in_003	18989
2021	11200730	to_in_003	9442.1
2021	11210520	to_in_003	31325.4
2021	11210540	to_in_003	48650.6
2021	11210570	to_in_003	38924.3
2021	11210580	to_in_003	9235.6
2021	11210610	to_in_003	37758.6
2021	11210620	to_in_003	22767.4
2021	11210630	to_in_003	5242.8
2021	11210640	to_in_003	33400.6
2021	11210650	to_in_003	31297.8
2021	11210660	to_in_003	23369.2
2021	11210680	to_in_003	33625.3
2021	11210690	to_in_003	39464.5
2021	11210710	to_in_003	17792.6
2021	11210720	to_in_003	24480.7
2021	11210730	to_in_003	2694
2021	11210780	to_in_003	41284.8
2021	11210790	to_in_003	40989
2021	11210800	to_in_003	28590.8
2021	11210810	to_in_003	26276.8
2021	11210820	to_in_003	8065.4
2021	11210830	to_in_003	21393.8
2021	11220510	to_in_003	14070.2
2021	11220520	to_in_003	19422.9
2021	11220530	to_in_003	9969.6
2021	11220540	to_in_003	32037
2021	11220550	to_in_003	13906.2
2021	11220560	to_in_003	3925.7
2021	11220570	to_in_003	32064.8
2021	11220580	to_in_003	10261.8
2021	11220590	to_in_003	16171.7
2021	11220600	to_in_003	12176.8
2021	11220610	to_in_003	28202.3
2021	11220620	to_in_003	22580.8
2021	11220630	to_in_003	9585.8
2021	11220640	to_in_003	7200.4
2021	11220650	to_in_003	22795.8
2021	11220660	to_in_003	7006.4
2021	11220670	to_in_003	2721.5
2021	11220680	to_in_003	1273.8
2021	11230510	to_in_003	6879.6
2021	11230520	to_in_003	16083.7
2021	11230530	to_in_003	13340
2021	11230580	to_in_003	5951.2
2021	11230590	to_in_003	22084.5
2021	11230600	to_in_003	27667.9
2021	11230630	to_in_003	26185.3
2021	11230640	to_in_003	13859
2021	11230650	to_in_003	29318.5
2021	11230660	to_in_003	18882.4
2021	11230670	to_in_003	30213.9
2021	11230680	to_in_003	3914.8
2021	11230710	to_in_003	13261.1
2021	11230720	to_in_003	9248.1
2021	11230730	to_in_003	14815.2
2021	11230740	to_in_003	12589.2
2021	11230750	to_in_003	8560.7
2021	11230760	to_in_003	6472.4
2021	11230770	to_in_003	9910
2021	11230780	to_in_003	9967.6
2021	11230790	to_in_003	18115.8
2021	11230800	to_in_003	11426.5
2021	11240510	to_in_003	11489.5
2021	11240520	to_in_003	9127.2
2021	11240530	to_in_003	22971.8
2021	11240540	to_in_003	34825.6
2021	11240550	to_in_003	31092.1
2021	11240560	to_in_003	20128.3
2021	11240570	to_in_003	24290.9
2021	11240580	to_in_003	32901.1
2021	11240590	to_in_003	5655.4
2021	11240600	to_in_003	22090.5
2021	11240610	to_in_003	32745
2021	11240620	to_in_003	28382.3
2021	11240630	to_in_003	31421
2021	11240640	to_in_003	29991.5
2021	11240650	to_in_003	24693.5
2021	11240660	to_in_003	18526.7
2021	11240670	to_in_003	32673.3
2021	11240680	to_in_003	30836.3
2021	11240690	to_in_003	12033.2
2021	11240710	to_in_003	25494.9
2021	11240750	to_in_003	25436.1
2021	11240770	to_in_003	10204.1
2021	11240780	to_in_003	11914
2021	11240790	to_in_003	12290
2021	11240800	to_in_003	20605.2
2021	11240810	to_in_003	21966.4
2021	11240820	to_in_003	13769.4
2021	11250530	to_in_003	38450.8
2021	11250540	to_in_003	18112.7
2021	11250550	to_in_003	15556.5
2021	11250560	to_in_003	8731
2021	11250580	to_in_003	6688.6
2021	11250590	to_in_003	9395.6
2021	11250610	to_in_003	37968.4
2021	11250630	to_in_003	44516.3
2021	11250650	to_in_003	28521
2021	11250660	to_in_003	35798.6
2021	11250670	to_in_003	33786.7
2021	11250700	to_in_003	21.9
2021	11250710	to_in_003	15173.8
2021	11250720	to_in_003	44736.2
2021	11250730	to_in_003	17400.6
2021	11250740	to_in_003	26566.2
2021	11250750	to_in_003	13847.9
2021	11250760	to_in_003	20639.8
2021	11250770	to_in_003	8810.2
2021	11010	to_in_003	5701.4
2021	11020	to_in_003	11419.5
2021	11030	to_in_003	9292.9
2021	11040	to_in_003	16314.9
2021	11050	to_in_003	19124.3
2021	11060	to_in_003	22891.4
2021	11070	to_in_003	20006.5
2021	11080	to_in_003	17066.7
2021	11090	to_in_003	12082.1
2021	11100	to_in_003	14681.2
2021	11110	to_in_003	13887.5
2021	11120	to_in_003	15052.6
2021	11130	to_in_003	16831.7
2021	11140	to_in_003	14684.9
2021	11150	to_in_003	24322
2021	11160	to_in_003	13215
2021	11170	to_in_003	18950.5
2021	11180	to_in_003	16943.5
2021	11190	to_in_003	14564.2
2021	11200	to_in_003	22667.9
2021	11210	to_in_003	15895.7
2021	11220	to_in_003	8147.7
2021	11230	to_in_003	12408.6
2021	11240	to_in_003	18332.3
2021	11250	to_in_003	17990.3
2021	11	to_in_003	14956.3
